time,position,temperature,voltage,label
81179.57612,485,45,7192,
81179.67612,485,45,7221,
81179.77608,485,45,7214,
81179.87619,485,45,7157,
81179.97616,485,45,7201,
81180.07606,485,45,7208,
81180.17602,485,45,7226,
81180.27605,485,45,7228,
81180.37608,485,45,7226,
81180.47604,485,45,7243,
81180.5761,485,45,7230,
81180.67618,485,45,7223,
81180.77615,485,45,7237,
81180.87612,485,45,7223,
81180.97613,485,45,7139,
81181.07607,485,45,7272,
81181.17602,485,45,7265,
81181.27631,486,45,7175,
81181.37625,485,45,7192,
81181.47627,485,45,7199,
81181.57627,485,45,7234,
81181.67652,485,45,7152,
81181.77612,486,45,7208,
81181.8762,485,45,7132,
81181.97616,485,45,7166,
81182.07628,486,45,7208,
81182.17618,485,45,7186,
81182.27619,486,45,7208,
81182.37612,485,45,7203,
81182.47612,486,45,7208,
81182.57608,485,45,7210,
81182.67623,485,45,7188,
81182.77617,485,45,7250,
81182.87613,485,45,7119,
81182.97616,485,45,7228,
81183.07617,485,45,7139,
81183.17617,485,45,7232,
81183.27608,485,45,7150,
81183.37636,485,45,7148,
81183.47625,485,45,7234,
81183.57608,485,45,7199,
81183.67609,485,45,7239,
81183.77616,485,45,7239,
81183.87615,485,45,7234,
81183.97617,485,45,7150,
81184.07608,485,45,7217,
81184.17606,485,45,7217,
81184.27625,485,45,7210,
81184.37617,485,45,7214,
81184.47615,485,45,7221,
81184.57615,485,45,7152,
81184.67634,485,45,7132,
81184.77606,485,45,7217,
81184.87611,485,45,7217,
81184.97603,485,45,7228,
81185.07606,486,45,7212,
81185.17614,485,45,7223,
81185.27609,485,45,7226,
81185.37619,485,45,7146,
81185.47616,485,45,7219,
81185.57628,485,45,7212,
81185.67638,486,45,7230,
81185.77636,485,45,7212,
81185.87619,486,45,7115,
81185.97619,485,45,7226,
81186.07624,485,45,7150,
81186.1763,485,45,7228,
81186.27614,485,45,7203,
81186.3762,486,45,7223,
81186.47625,485,45,7219,
81186.5761,485,45,7212,
81186.67612,485,45,7210,
81186.77626,485,45,7203,
81186.87605,485,45,7195,
81186.97617,485,45,7221,
81187.0762,485,45,7195,
81187.17615,485,45,7195,
81187.27617,485,45,7223,
81187.37618,485,45,7210,
81187.47615,485,45,7219,
81187.57613,485,45,7119,
81187.67616,485,45,7150,
81187.77609,486,45,7212,
81187.87611,485,45,7148,
81187.97614,485,45,7221,
81188.07619,485,45,7223,
81188.17617,485,45,7234,
81188.27606,485,45,7223,
81188.37614,486,45,7223,
81188.4762,485,45,7219,
81188.57606,485,45,7228,
81188.67635,485,45,7230,
81188.77612,485,45,7234,
81188.87604,485,45,7150,
81188.97617,485,45,7234,
81189.07603,485,45,7243,
81189.17617,486,45,7124,
81189.27602,485,45,7199,
81189.37607,486,45,7155,
81189.47652,485,45,7212,
81189.57614,485,45,7223,
81189.67622,486,45,7212,
81189.77614,485,45,7230,
81189.8763,485,45,7192,
81189.97611,485,45,7190,
81190.07637,485,45,7212,
81190.17647,486,45,7223,
81190.2761,485,45,7197,
81190.37614,485,45,7155,
81190.47608,486,45,7210,
81190.57616,485,45,7210,
81190.6762,485,45,7230,
81190.7761,486,45,7250,
81190.87614,485,45,7217,
81190.97615,485,45,7137,
81191.07615,485,45,7219,
81191.17612,485,45,7190,
81191.27624,485,45,7239,
81191.37623,485,45,7237,
81191.47608,485,45,7212,
81191.57609,485,45,7150,
81191.67617,485,45,7155,
81191.77615,485,45,7212,
81191.87625,486,45,7221,
81191.97633,485,45,7214,
81192.07611,485,45,7219,
81192.17614,485,45,7230,
81192.27609,485,45,7226,
81192.37615,485,45,7195,
81192.47605,486,45,7210,
81192.57619,485,45,7199,
81192.67609,485,45,7219,
81192.77605,485,45,7239,
81192.87608,485,45,7214,
81192.97613,485,45,7234,
81193.0761,486,45,7223,
81193.17615,485,45,7223,
81193.27606,485,45,7146,
81193.37618,485,45,7230,
81193.47602,485,45,7228,
81193.57612,485,45,7246,
81193.6763,486,45,7223,
81193.77616,486,45,7226,
81193.87602,485,45,7206,
81193.97614,485,45,7206,
81194.07619,485,45,7221,
81194.1763,485,45,7248,
81194.27612,485,45,7210,
81194.3761,486,45,7203,
81194.47632,485,45,7212,
81194.57642,485,45,7261,
81194.67609,485,45,7208,
81194.77616,485,45,7248,
81194.87644,485,45,7203,
81194.97628,485,45,7199,
81195.0763,486,45,7212,
81195.17624,485,45,7219,
81195.27622,485,45,7199,
81195.37637,485,45,7206,
81195.47654,485,45,7214,
81195.57617,485,45,7210,
81195.67642,485,45,7223,
81195.77615,485,45,7226,
81195.87635,485,45,7214,
81195.97611,486,45,7212,
81196.07604,485,45,7179,
81196.17611,485,45,7237,
81196.27621,485,45,7226,
81196.37614,485,45,7219,
81196.47605,486,45,7263,
81196.57611,485,45,7223,
81196.67614,485,45,7217,
81196.7761,485,45,7219,
81196.87614,486,45,7230,
81196.97609,485,45,7234,
81197.07605,485,45,7237,
81197.17605,486,45,7188,
81197.27606,485,45,7208,
81197.37622,486,45,7212,
81197.47614,485,45,7214,
81197.57614,485,45,7146,
81197.67607,485,45,7219,
81197.77614,486,45,7144,
81197.87615,485,45,7139,
81197.97615,485,45,7190,
81198.07615,485,45,7212,
81198.17602,485,45,7265,
81198.27609,485,45,7210,
81198.3762,485,45,7212,
81198.47662,485,45,7203,
81198.5762,486,45,7217,
81198.67629,485,45,7208,
81198.77614,485,45,7219,
81198.87622,485,45,7199,
81198.97614,485,45,7226,
81199.07619,485,45,7221,
81199.17602,485,45,7250,
81199.27617,486,45,7230,
81199.37629,485,45,7226,
81199.47613,486,45,7234,
81199.57619,485,45,7139,
81199.67618,485,45,7228,
81199.77615,485,45,7237,
81199.87617,485,45,7234,
81199.97613,485,45,7132,
81200.07617,485,45,7226,
81200.17613,485,45,7232,
81200.2761,485,45,7210,
81200.37609,485,45,7159,
81200.47611,485,45,7212,
81200.57621,485,45,7126,
81200.67613,485,45,7195,
81200.77613,485,45,7214,
81200.87608,485,45,7232,
81200.97614,485,45,7223,
81201.07604,486,45,7230,
81201.17604,485,45,7150,
81201.27624,485,45,7221,
81201.37606,486,45,7228,
81201.47619,485,45,7144,
81201.5762,485,45,7232,
81201.67617,485,45,7226,
81201.77609,485,45,7152,
81201.87615,485,45,7265,
81201.97603,485,45,7223,
81202.07616,485,45,7208,
81202.17616,485,45,7119,
81202.27614,485,45,7188,
81202.37618,486,45,7195,
81202.47613,485,45,7212,
81202.57618,485,45,7208,
81202.67623,485,45,7219,
81202.77634,485,45,7212,
81202.87618,485,45,7190,
81202.97615,485,45,7214,
81203.07612,485,45,7183,
81203.17633,485,45,7139,
81203.27612,486,45,7132,
81203.37616,486,45,7146,
81203.4761,485,45,7214,
81203.57616,485,45,7188,
81203.67611,485,45,7188,
81203.77625,486,45,7199,
81203.87621,486,45,7221,
81203.97618,485,45,7228,
81204.07611,485,45,7214,
81204.17615,485,45,7221,
81204.27614,485,45,7230,
81204.37613,485,45,7157,
81204.47618,485,45,7157,
81204.57617,485,45,7223,
81204.67638,485,45,7237,
81204.77612,486,45,7232,
81204.87629,485,45,7223,
81204.9762,485,45,7217,
81205.07612,485,45,7144,
81205.17612,485,45,7219,
81205.27605,485,45,7203,
81205.37603,485,45,7203,
81205.47604,485,45,7210,
81205.57605,485,45,7203,
81205.67605,486,45,7208,
81205.7761,485,45,7219,
81205.87616,485,45,7217,
81205.97609,485,45,7212,
81206.07611,485,45,7199,
81206.17605,485,45,7214,
81206.27611,485,45,7175,
81206.37613,485,45,7210,
81206.47617,485,45,7219,
81206.57615,485,45,7197,
81206.67615,485,45,7210,
81206.7762,486,45,7115,
81206.87612,485,45,7197,
81206.97616,485,45,7221,
81207.07617,485,45,7152,
81207.17617,486,45,7219,
81207.27621,485,45,7219,
81207.37625,485,45,7228,
81207.47614,485,45,7221,
81207.57626,485,45,7172,
81207.67608,485,45,7208,
81207.7762,486,45,7217,
81207.87613,485,45,7214,
81207.97615,485,45,7221,
81208.07619,487,45,7223,
81208.17616,485,45,7272,
81208.27622,485,45,7210,
81208.37608,485,45,7199,
81208.47612,485,45,7214,
81208.57615,485,45,7206,
81208.67615,485,45,7221,
81208.77614,485,45,7237,
81208.87611,485,45,7237,
81208.97624,485,45,7201,
81209.07605,485,45,7232,
81209.1761,485,45,7157,
81209.27613,486,45,7283,
81209.37607,485,45,7228,
81209.47614,485,45,7206,
81209.57606,485,45,7223,
81209.67608,485,45,7214,
81209.77615,485,45,7237,
81209.87605,485,45,7186,
81209.97604,485,45,7234,
81210.07606,485,45,7212,
81210.17628,485,45,7214,
81210.27615,485,45,7221,
81210.37633,485,45,7212,
81210.47609,485,45,7243,
81210.57616,485,45,7217,
81210.67608,485,45,7214,
81210.77619,485,45,7197,
81210.87626,485,45,7208,
81210.9762,486,45,7214,
81211.07613,485,45,7210,
81211.17612,485,45,7203,
81211.27609,485,45,7270,
81211.37616,485,45,7157,
81211.47612,486,45,7144,
81211.57628,485,45,7177,
81211.67617,485,45,7219,
81211.77616,485,45,7130,
81211.87636,486,45,7217,
81211.97615,485,45,7210,
81212.07613,485,45,7214,
81212.17614,485,45,7228,
81212.27628,485,45,7239,
81212.3761,485,45,7239,
81212.47615,485,45,7217,
81212.57614,485,45,7214,
81212.67627,486,45,7219,
81212.7762,485,45,7217,
81212.87611,485,45,7217,
81212.97617,485,45,7186,
81213.07627,485,45,7214,
81213.17618,486,45,7246,
81213.27608,485,45,7126,
81213.37629,485,45,7199,
81213.47609,485,45,7212,
81213.57605,485,45,7197,
81213.67614,486,45,7192,
81213.7761,485,45,7243,
81213.87609,485,45,7208,
81213.97609,485,45,7214,
81214.07614,485,45,7217,
81214.17624,485,45,7243,
81214.2761,485,45,7212,
81214.37612,485,45,7239,
81214.47612,485,45,7268,
81214.57603,485,45,7217,
81214.67604,485,45,7226,
81214.77607,485,45,7217,
81214.8763,486,45,7223,
81214.97628,485,45,7250,
81215.07619,485,45,7230,
81215.17616,485,45,7146,
81215.27634,485,45,7137,
81215.37628,485,45,7212,
81215.47616,485,45,7221,
81215.57644,485,45,7223,
81215.67618,485,45,7223,
81215.77615,485,45,7226,
81215.87615,485,45,7214,
81215.97614,485,45,7232,
81216.07606,485,45,7208,
81216.17616,485,45,7175,
81216.27617,486,45,7214,
81216.37621,485,45,7203,
81216.47617,485,45,7179,
81216.57613,485,45,7234,
81216.67614,485,45,7214,
81216.77616,485,45,7157,
81216.87621,485,45,7223,
81216.97628,486,45,7203,
81217.07627,485,45,7208,
81217.17608,485,45,7259,
81217.27628,485,45,7152,
81217.37632,485,45,7234,
81217.47636,485,45,7230,
81217.57608,485,45,7219,
81217.67609,485,45,7152,
81217.77613,485,45,7228,
81217.87618,485,45,7237,
81217.97611,485,45,7228,
81218.07602,486,45,7206,
81218.1761,485,45,7203,
81218.27614,485,45,7210,
81218.37603,485,45,7214,
81218.47616,485,45,7148,
81218.5761,485,45,7208,
81218.67606,485,45,7217,
81218.77605,485,45,7219,
81218.87608,485,45,7208,
81218.97613,485,45,7208,
81219.0762,485,45,7223,
81219.17623,485,45,7150,
81219.27616,485,45,7112,
81219.3763,485,45,7239,
81219.47623,486,45,7157,
81219.57627,485,45,7212,
81219.67616,485,45,7168,
81219.77632,485,45,7221,
81219.87611,485,45,7228,
81219.97615,485,45,7226,
81220.0762,485,45,7197,
81220.17629,485,45,7226,
81220.27621,485,45,7221,
81220.37618,485,45,7237,
81220.47638,485,45,7199,
81220.57628,485,45,7241,
81220.67624,485,45,7223,
81220.77615,485,45,7223,
81220.87618,485,45,7210,
81220.97612,485,45,7239,
81221.07615,485,45,7214,
81221.17613,486,45,7261,
81221.27615,485,45,7124,
81221.37618,485,45,7214,
81221.47606,485,45,7206,
81221.57615,485,45,7199,
81221.67622,485,45,7203,
81221.77627,485,45,7259,
81221.87606,485,45,7195,
81221.97609,485,45,7265,
81222.07609,485,45,7199,
81222.17614,485,45,7223,
81222.27607,486,45,7201,
81222.37611,485,45,7212,
81222.47604,485,45,7217,
81222.57605,485,45,7203,
81222.6761,485,45,7221,
81222.77607,485,45,7208,
81222.87604,485,45,7212,
81222.97611,486,45,7219,
81223.07624,485,45,7141,
81223.1761,485,45,7237,
81223.27618,485,45,7199,
81223.37665,485,45,7246,
81223.47621,485,45,7274,
81223.57611,485,45,7232,
81223.67621,486,45,7226,
81223.7762,485,45,7221,
81223.87615,485,45,7230,
81223.97611,485,45,7221,
81224.07622,485,45,7223,
81224.1762,485,45,7219,
81224.27615,485,45,7208,
81224.37616,486,45,7241,
81224.47615,485,45,7228,
81224.57609,485,45,7239,
81224.67614,485,45,7237,
81224.77652,485,45,7221,
81224.87607,485,45,7219,
81224.97614,486,45,7188,
81225.0762,485,45,7223,
81225.17628,485,45,7135,
81225.27627,485,45,7203,
81225.37616,485,45,7201,
81225.47611,485,45,7217,
81225.57616,485,45,7228,
81225.67657,485,45,7228,
81225.77628,485,45,7212,
81225.8761,486,45,7254,
81225.97616,485,45,7234,
81226.07611,485,45,7214,
81226.17606,485,45,7212,
81226.27621,486,45,7208,
81226.3761,485,45,7223,
81226.47608,486,45,7203,
81226.57637,485,45,7208,
81226.67615,485,45,7212,
81226.77616,486,45,7128,
81226.87607,485,45,7214,
81226.97614,486,45,7212,
81227.07622,485,45,7210,
81227.17617,485,45,7195,
81227.27609,485,45,7214,
81227.37636,485,45,7226,
81227.47614,486,45,7237,
81227.57613,485,45,7214,
81227.67611,485,45,7208,
81227.77638,485,45,7221,
81227.87617,485,45,7214,
81227.97618,485,45,7223,
81228.07616,485,45,7237,
81228.17618,485,45,7228,
81228.27631,486,45,7237,
81228.37632,485,45,7228,
81228.47615,485,45,7223,
81228.57609,485,45,7221,
81228.67606,485,45,7232,
81228.77645,485,45,7214,
81228.87615,485,45,7234,
81228.97639,485,45,7212,
81229.07648,486,45,7201,
81229.17621,485,45,7190,
81229.27623,485,45,7170,
81229.37656,485,45,7203,
81229.47639,485,45,7197,
81229.57612,485,45,7183,
81229.67615,485,45,7208,
81229.7762,485,45,7219,
81229.8761,485,45,7181,
81229.97614,485,45,7214,
81230.07613,485,45,7199,
81230.17611,485,45,7230,
81230.27612,485,45,7190,
81230.37604,486,45,7212,
81230.47606,485,45,7274,
81230.57603,486,45,7208,
81230.67608,486,45,7208,
81230.7762,485,45,7214,
81230.8761,485,45,7135,
81230.97634,485,45,7128,
81231.07618,485,45,7243,
81231.17614,485,45,7230,
81231.27606,485,45,7221,
81231.37607,485,45,7241,
81231.47614,486,45,7212,
81231.57626,485,45,7226,
81231.6762,485,45,7257,
81231.77612,485,45,7228,
81231.87618,485,45,7226,
81231.97614,485,45,7139,
81232.07621,485,45,7230,
81232.17623,485,45,7210,
81232.27617,485,45,7219,
81232.37623,485,45,7157,
81232.47616,485,45,7192,
81232.57615,485,45,7234,
81232.67629,486,45,7279,
81232.77625,486,45,7212,
81232.87618,485,45,7212,
81232.97618,486,45,7214,
81233.07618,485,45,7241,
81233.17619,485,45,7203,
81233.27613,485,45,7226,
81233.37616,485,45,7226,
81233.47618,484,45,7221,
81233.57621,485,45,7226,
81233.67614,485,45,7161,
81233.77614,485,45,7217,
81233.87615,486,45,7135,
81233.97611,485,45,7197,
81234.07617,486,45,7272,
81234.17612,485,45,7201,
81234.27609,485,45,7217,
81234.37642,485,45,7197,
81234.47613,485,45,7214,
81234.57607,486,45,7223,
81234.67618,486,45,7210,
81234.77614,485,45,7141,
81234.87629,485,45,7263,
81234.97623,485,45,7210,
81235.0761,485,45,7192,
81235.17612,485,45,7203,
81235.27609,485,45,7199,
81235.37604,485,45,7217,
81235.47609,485,45,7115,
81235.57626,485,45,7097,
81235.6762,485,45,7203,
81235.77606,485,45,7226,
81235.87617,485,45,7157,
81235.97615,485,45,7219,
81236.07621,485,45,7248,
81236.17612,485,45,7197,
81236.27614,485,45,7219,
81236.37629,485,45,7208,
81236.47625,485,45,7186,
81236.57612,485,45,7232,
81236.67608,485,45,7239,
81236.77621,485,45,7150,
81236.87607,485,45,7210,
81236.9761,485,45,7192,
81237.07616,486,45,7210,
81237.17609,485,45,7206,
81237.27613,486,45,7157,
81237.37615,485,45,7197,
81237.47613,485,45,7101,
81237.57628,485,45,7119,
81237.67622,485,45,7203,
81237.77616,485,45,7141,
81237.87615,485,45,7263,
81237.97609,485,45,7212,
81238.07621,485,45,7212,
81238.17609,485,45,7228,
81238.27612,485,45,7212,
81238.37614,485,45,7257,
81238.47608,485,45,7152,
81238.57607,486,45,7210,
81238.6761,485,45,7214,
81238.77612,485,45,7214,
81238.87612,486,45,7210,
81238.97605,486,45,7217,
81239.07609,485,45,7192,
81239.1761,485,45,7237,
81239.27606,485,45,7294,
81239.37625,485,45,7163,
81239.47607,485,45,7228,
81239.57606,485,45,7285,
81239.67611,485,45,7265,
81239.77614,485,45,7246,
81239.8762,486,45,7210,
81239.97617,485,45,7155,
81240.07616,485,45,7192,
81240.17621,485,45,7232,
81240.27622,485,45,7230,
81240.37607,485,45,7223,
81240.47616,485,45,7201,
81240.57614,485,45,7212,
81240.67625,485,45,7279,
81240.77622,486,45,7230,
81240.87617,485,45,7230,
81240.97611,485,45,7203,
81241.07616,485,45,7223,
81241.17633,485,45,7230,
81241.27605,485,45,7219,
81241.37625,486,45,7214,
81241.47625,485,45,7226,
81241.57616,485,45,7232,
81241.67613,485,45,7268,
81241.77633,485,45,7250,
81241.87618,485,45,7179,
81241.97613,485,45,7212,
81242.07612,486,45,7212,
81242.17614,485,45,7219,
81242.27612,485,45,7159,
81242.37609,485,45,7241,
81242.47608,485,45,7188,
81242.57619,485,45,7159,
81242.67615,485,45,7208,
81242.77629,485,45,7197,
81242.87642,486,45,7263,
81242.97605,485,45,7128,
81243.07608,485,45,7228,
81243.17612,485,45,7219,
81243.27606,485,45,7190,
81243.37625,486,45,7214,
81243.47635,486,45,7197,
81243.57611,485,45,7221,
81243.67604,485,45,7201,
81243.77607,485,45,7221,
81243.87603,485,45,7221,
81243.97614,485,45,7283,
81244.07619,486,45,7115,
81244.17618,485,45,7232,
81244.27625,485,45,7217,
81244.37612,485,45,7214,
81244.47632,485,45,7163,
81244.57623,486,45,7152,
81244.67621,486,45,7237,
81244.7761,485,45,7279,
81244.87646,485,45,7223,
81244.97617,485,45,7259,
81245.07618,485,45,7197,
81245.17654,485,45,7217,
81245.27627,486,45,7199,
81245.37616,486,45,7183,
81245.47622,485,45,7226,
81245.57619,486,45,7212,
81245.67616,485,45,7210,
81245.77623,485,45,7172,
81245.87611,485,45,7190,
81245.97621,485,45,7201,
81246.07615,485,45,7197,
81246.17623,485,45,7206,
81246.27611,485,45,7190,
81246.37624,485,45,7206,
81246.47619,485,45,7221,
81246.57612,485,45,7214,
81246.67616,485,45,7128,
81246.77605,485,45,7214,
81246.87611,485,45,7223,
81246.97621,485,45,7232,
81247.07613,485,45,7234,
81247.17624,485,45,7141,
81247.27616,485,45,7219,
81247.37604,485,45,7223,
81247.47617,485,45,7228,
81247.57605,485,45,7221,
81247.67603,485,45,7203,
81247.77616,485,45,7144,
81247.87607,485,45,7223,
81247.97617,485,45,7263,
81248.07615,485,45,7210,
81248.17615,485,45,7217,
81248.27613,485,45,7212,
81248.37605,486,45,7208,
81248.4762,485,45,7268,
81248.57616,485,45,7155,
81248.67624,485,45,7226,
81248.77612,485,45,7239,
81248.87617,485,45,7208,
81248.97615,485,45,7234,
81249.07622,485,45,7221,
81249.17615,486,45,7210,
81249.27622,485,45,7228,
81249.37623,485,45,7214,
81249.47614,485,45,7132,
81249.57614,485,45,7201,
81249.67617,485,45,7219,
81249.77619,485,45,7214,
81249.87622,485,45,7197,
81249.97936,485,45,7219,
81250.07614,485,45,7197,
81250.17615,486,45,7183,
81250.27615,485,45,7234,
81250.37616,485,45,7192,
81250.47626,485,45,7221,
81250.57616,485,45,7250,
81250.67615,485,45,7219,
81250.77611,486,45,7201,
81250.87607,485,45,7199,
81250.97631,485,45,7254,
81251.0761,485,45,7228,
81251.17607,485,45,7137,
81251.2762,486,45,7139,
81251.37604,485,45,7146,
81251.47618,485,45,7254,
81251.57626,486,45,7237,
81251.67611,485,45,7239,
81251.77611,486,45,7219,
81251.87602,485,45,7232,
81251.97607,486,45,7281,
81252.0761,485,45,7210,
81252.17607,485,45,7221,
81252.27612,485,45,7170,
81252.37608,485,45,7234,
81252.47605,485,45,7228,
81252.57613,486,45,7232,
81252.67611,485,45,7195,
81252.77627,486,45,7148,
81252.87616,485,45,7217,
81252.9763,484,45,7214,
81253.07638,485,45,7132,
81253.17617,486,45,7217,
81253.27633,485,45,7192,
81253.37615,485,45,7195,
81253.47625,485,45,7203,
81253.57638,485,45,7217,
81253.6762,486,45,7199,
81253.77613,485,45,7186,
81253.87624,485,45,7214,
81253.97671,485,45,7226,
81254.07612,485,45,7115,
81254.1762,485,45,7203,
81254.27624,485,45,7219,
81254.3762,485,45,7221,
81254.47613,485,45,7226,
81254.57618,485,45,7146,
81254.67616,486,45,7183,
81254.77613,485,45,7208,
81254.8762,485,45,7144,
81254.97615,485,45,7274,
81255.07606,485,45,7226,
81255.17614,485,45,7230,
81255.27619,485,45,7232,
81255.37639,485,45,7219,
81255.47616,485,45,7214,
81255.57634,485,45,7252,
81255.67618,485,45,7155,
81255.77616,485,45,7217,
81255.87613,485,45,7230,
81255.97607,485,45,7201,
81256.07611,486,45,7230,
81256.17608,485,45,7270,
81256.27616,485,45,7132,
81256.37609,485,45,7217,
81256.47615,485,45,7239,
81256.57628,485,45,7186,
81256.67605,485,45,7155,
81256.77611,485,45,7214,
81256.87624,485,45,7192,
81256.97613,485,45,7241,
81257.07629,485,45,7226,
81257.17636,486,45,7228,
81257.27623,485,45,7274,
81257.37616,484,45,7228,
81257.47624,485,45,7141,
81257.57637,486,45,7148,
81257.6762,486,45,7226,
81257.77612,485,45,7232,
81257.87613,485,45,7190,
81257.97638,485,45,7195,
81258.07617,485,45,7210,
81258.17649,485,45,7206,
81258.27616,486,45,7223,
81258.37619,485,45,7168,
81258.47607,485,45,7186,
81258.57629,485,45,7214,
81258.67615,486,45,7223,
81258.77615,485,45,7186,
81258.87637,485,45,7219,
81258.97634,485,45,7175,
81259.07626,485,45,7221,
81259.17648,485,45,7181,
81259.27619,485,45,7212,
81259.37616,485,45,7199,
81259.47626,485,45,7221,
81259.57607,485,45,7210,
81259.67621,485,45,7208,
81259.77605,485,45,7221,
81259.87611,485,45,7221,
81259.97614,485,45,7228,
81260.07607,485,45,7137,
81260.17608,485,45,7239,
81260.27629,485,45,7230,
81260.37645,485,45,7228,
81260.47604,485,45,7228,
81260.57608,485,45,7226,
81260.67612,485,45,7234,
81260.77612,485,45,7219,
81260.8764,485,45,7210,
81260.97613,486,45,7203,
81261.07622,486,45,7181,
81261.17609,485,45,7190,
81261.27622,485,45,7188,
81261.37614,485,45,7201,
81261.4765,485,45,7217,
81261.57636,485,45,7219,
81261.67616,486,45,7163,
81261.77613,485,45,7203,
81261.87624,485,45,7223,
81261.97619,486,45,7137,
81262.07621,485,45,7203,
81262.17618,485,45,7146,
81262.27616,485,45,7208,
81262.37615,485,45,7208,
81262.47616,485,45,7183,
81262.57619,485,45,7181,
81262.67621,485,45,7199,
81262.77631,485,45,7223,
81262.87633,485,45,7148,
81262.97615,486,45,7230,
81263.07617,485,45,7212,
81263.17626,485,45,7223,
81263.2762,485,45,7226,
81263.37612,485,45,7277,
81263.47616,485,45,7226,
81263.57618,486,45,7203,
81263.67613,485,45,7221,
81263.77618,485,45,7230,
81263.87604,485,45,7219,
81263.97607,486,45,7272,
81264.07617,485,45,7203,
81264.17606,485,45,7199,
81264.2767,485,45,7226,
81264.37613,486,45,7221,
81264.47613,485,45,7223,
81264.57621,485,45,7237,
81264.67617,485,45,7197,
81264.77627,485,45,7212,
81264.87609,485,45,7248,
81264.97626,485,45,7214,
81265.07611,485,45,7232,
81265.17609,485,45,7172,
81265.27612,486,45,7261,
81265.37619,485,45,7217,
81265.4762,485,45,7277,
81265.57616,485,45,7219,
81265.67613,485,45,7221,
81265.77614,485,45,7135,
81265.87627,486,45,7188,
81265.97617,485,45,7175,
81266.07624,485,45,7197,
81266.17615,485,45,7234,
81266.27616,485,45,7250,
81266.37616,485,45,7226,
81266.4761,485,45,7172,
81266.57611,485,45,7210,
81266.6763,485,45,7195,
81266.77615,485,45,7228,
81266.87627,485,45,7201,
81266.97626,486,45,7219,
81267.07614,485,45,7288,
81267.17617,485,45,7121,
81267.27615,486,45,7214,
81267.37613,485,45,7206,
81267.4761,485,45,7197,
81267.5761,485,45,7217,
81267.67612,486,45,7223,
81267.77622,485,45,7226,
81267.87605,485,45,7226,
81267.97613,485,45,7212,
81268.07612,485,45,7117,
81268.17609,485,45,7261,
81268.27605,485,45,7228,
81268.37606,485,45,7232,
81268.47605,485,45,7073,
81268.57611,485,45,7259,
81268.67617,485,45,7237,
81268.77606,485,45,7217,
81268.87606,485,45,7203,
81268.97606,485,45,7206,
81269.0762,486,45,7146,
81269.17603,485,45,7195,
81269.27611,485,45,7208,
81269.3761,485,45,7217,
81269.4761,485,45,7208,
81269.57617,485,45,7128,
81269.67628,485,45,7221,
81269.77615,485,45,7221,
81269.87617,485,45,7217,
81269.97611,485,45,7219,
81270.07613,485,45,7223,
81270.17618,485,45,7208,
81270.27612,485,45,7261,
81270.37615,485,45,7214,
81270.47629,485,45,7217,
81270.57626,485,45,7206,
81270.67606,485,45,7188,
81270.77632,485,45,7201,
81270.87609,485,45,7232,
81270.97616,485,45,7199,
81271.07617,485,45,7183,
81271.17612,485,45,7192,
81271.27628,485,45,7199,
81271.37619,485,45,7270,
81271.47609,485,45,7223,
81271.5761,485,45,7208,
81271.67614,485,45,7223,
81271.77617,485,45,7186,
81271.87617,485,45,7186,
81271.97608,486,45,7221,
81272.07604,485,45,7232,
81272.17604,485,45,7232,
81272.27623,486,45,7137,
81272.37619,485,45,7203,
81272.47614,485,45,7210,
81272.57619,485,45,7188,
81272.67607,485,45,7146,
81272.77606,485,45,7230,
81272.87612,485,45,7201,
81272.97603,485,45,7237,
81273.07607,485,45,7248,
81273.17614,485,45,7124,
81273.2761,485,45,7226,
81273.37614,485,45,7234,
81273.47609,485,45,7221,
81273.57614,485,45,7226,
81273.67616,485,45,7279,
81273.77641,485,45,7150,
81273.8762,485,45,7223,
81273.97619,485,45,7190,
81274.07628,485,45,7232,
81274.1762,485,45,7203,
81274.27689,485,45,7208,
81274.37629,485,45,7139,
81274.47653,485,45,7199,
81274.57629,485,45,7228,
81274.67623,485,45,7190,
81274.77626,485,45,7226,
81274.87615,485,45,7208,
81274.97627,485,45,7203,
81275.0764,485,45,7190,
81275.17608,485,45,7203,
81275.27626,485,45,7212,
81275.37623,485,45,7195,
81275.47615,485,45,7217,
81275.57619,485,45,7228,
81275.6762,486,45,7212,
81275.77625,485,45,7214,
81275.87641,485,45,7152,
81275.97616,485,45,7288,
81276.07616,485,45,7223,
81276.17614,485,45,7168,
81276.27608,485,45,7226,
81276.37615,485,45,7239,
81276.47619,485,45,7226,
81276.57606,485,45,7210,
81276.67604,485,45,7228,
81276.77615,485,45,7228,
81276.87604,485,45,7214,
81276.97608,485,45,7214,
81277.0761,485,45,7261,
81277.17609,485,45,7208,
81277.27606,485,45,7210,
81277.37607,485,45,7150,
81277.47603,485,45,7219,
81277.57609,485,45,7219,
81277.6762,485,45,7212,
81277.77615,485,45,7210,
81277.87613,484,45,7206,
81277.97629,485,45,7254,
81278.07624,485,45,7210,
81278.17623,485,45,7195,
81278.27624,485,45,7201,
81278.37664,485,45,7170,
81278.47621,485,45,7210,
81278.57615,485,45,7214,
81278.67612,485,45,7270,
81278.77613,485,45,7163,
81278.87615,485,45,7228,
81278.97608,485,45,7223,
81279.07632,485,45,7226,
81279.17608,485,45,7223,
81279.27627,485,45,7277,
81279.37623,485,45,7199,
81279.47628,485,45,7195,
81279.57612,485,45,7230,
81279.67612,485,45,7228,
81279.77614,485,45,7219,
81279.8761,486,45,7223,
81279.97616,485,45,7228,
81280.07612,485,45,7217,
81280.17612,485,45,7234,
81280.27609,485,45,7234,
81280.37628,486,45,7212,
81280.47616,485,45,7243,
81280.57615,485,45,7237,
81280.67615,486,45,7223,
81280.77608,485,45,7226,
81280.87621,485,45,7226,
81280.97607,485,45,7155,
81281.07605,485,45,7157,
81281.17609,485,45,7241,
81281.27605,485,45,7239,
81281.37609,485,45,7226,
81281.47606,485,45,7232,
81281.57602,485,45,7219,
81281.67604,486,45,7208,
81281.77602,486,45,7234,
81281.87633,485,45,7186,
81281.97613,485,45,7221,
81282.07609,485,45,7212,
81282.17633,485,45,7188,
81282.27625,485,45,7148,
81282.37621,486,45,7210,
81282.47621,485,45,7101,
81282.57622,485,45,7201,
81282.67611,485,45,7228,
81282.77614,485,45,7155,
81282.87618,486,45,7214,
81282.97621,485,45,7212,
81283.07613,485,45,7219,
81283.17609,485,45,7210,
81283.27614,485,45,7283,
81283.37638,485,45,7221,
81283.47614,485,45,7219,
81283.57629,485,45,7208,
81283.67617,485,45,7208,
81283.77613,485,45,7192,
81283.87622,485,45,7226,
81283.97612,486,45,7241,
81284.07616,485,45,7234,
81284.17612,485,45,7223,
81284.2762,485,45,7219,
81284.37617,485,45,7217,
81284.47611,485,45,7228,
81284.57612,485,45,7186,
81284.67607,485,45,7206,
81284.77618,485,45,7217,
81284.8762,485,45,7208,
81284.97611,485,45,7157,
81285.07612,485,45,7206,
81285.17622,485,45,7210,
81285.27615,485,45,7192,
81285.37614,486,45,7208,
81285.47602,485,45,7214,
81285.57609,485,45,7246,
81285.67607,485,45,7197,
81285.77602,485,45,7197,
81285.87617,485,45,7210,
81285.9762,485,45,7208,
81286.07613,485,45,7223,
81286.17605,485,45,7199,
81286.27611,485,45,7208,
81286.37625,485,45,7230,
81286.47617,485,45,7217,
81286.5763,485,45,7223,
81286.67636,485,45,7214,
81286.77621,485,45,7221,
81286.87618,485,45,7261,
81286.97619,485,45,7274,
81287.07622,485,45,7126,
81287.17624,485,45,7214,
81287.27621,485,45,7199,
81287.37617,485,45,7159,
81287.47612,485,45,7210,
81287.57616,485,45,7210,
81287.67612,486,45,7232,
81287.77616,485,45,7206,
81287.8766,485,45,7241,
81287.97627,485,45,7192,
81288.07618,485,45,7159,
81288.17611,485,45,7208,
81288.27629,485,45,7234,
81288.37619,486,45,7199,
81288.47617,486,45,7217,
81288.57614,486,45,7226,
81288.67617,485,45,7146,
81288.77611,485,45,7239,
81288.8761,485,45,7221,
81288.97617,485,45,7232,
81289.07611,485,45,7203,
81289.17608,485,45,7219,
81289.27612,485,45,7217,
81289.37609,485,45,7217,
81289.47614,485,45,7230,
81289.57613,485,45,7206,
81289.67611,485,45,7155,
81289.77627,485,45,7223,
81289.87605,485,45,7210,
81289.97613,485,45,7172,
81290.07605,485,45,7170,
81290.17608,485,45,7208,
81290.27605,485,45,7248,
81290.37618,485,45,7195,
81290.47612,485,45,7212,
81290.57626,485,45,7214,
81290.67618,486,45,7206,
81290.77618,486,45,7219,
81290.87634,485,45,7232,
81290.97613,485,45,7206,
81291.07615,485,45,7223,
81291.17613,486,45,7130,
81291.27609,485,45,7268,
81291.37614,485,45,7219,
81291.47613,486,45,7197,
81291.57614,485,45,7219,
81291.67614,485,45,7203,
81291.77634,485,45,7210,
81291.87616,485,45,7146,
81291.97616,486,45,7206,
81292.07644,485,45,7212,
81292.17644,485,45,7232,
81292.27644,486,45,7232,
81292.37609,485,45,7183,
81292.47612,485,45,7190,
81292.57637,485,45,7226,
81292.67618,485,45,7230,
81292.77617,485,45,7197,
81292.8762,485,45,7177,
81292.97618,485,45,7150,
81293.07615,485,45,7201,
81293.17608,485,45,7175,
81293.2761,485,45,7203,
81293.37614,486,45,7190,
81293.47618,485,45,7199,
81293.57605,485,45,7210,
81293.67607,485,45,7226,
81293.7761,485,45,7201,
81293.87607,485,45,7203,
81293.9761,485,45,7195,
81294.07609,485,45,7192,
81294.17604,485,45,7252,
81294.27604,485,45,7214,
81294.37609,485,45,7197,
81294.47647,485,45,7170,
81294.57624,485,45,7157,
81294.67616,485,45,7206,
81294.77605,485,45,7201,
81294.87615,486,45,7190,
81294.97609,485,45,7219,
81295.07616,485,45,7214,
81295.17624,485,45,7206,
81295.27628,485,45,7219,
81295.37618,485,45,7221,
81295.47618,485,45,7241,
81295.57613,485,45,7197,
81295.67615,485,45,7239,
81295.77616,485,45,7228,
81295.87605,485,45,7144,
81295.97609,485,45,7223,
81296.07617,485,45,7217,
81296.17612,485,45,7186,
81296.27613,485,45,7148,
81296.37611,485,45,7144,
81296.47611,485,45,7217,
81296.57612,486,45,7199,
81296.67609,485,45,7219,
81296.77614,485,45,7206,
81296.87617,485,45,7219,
81296.97616,485,45,7228,
81297.07622,485,45,7234,
81297.17612,485,45,7221,
81297.27616,485,45,7217,
81297.37605,485,45,7228,
81297.47617,485,45,7217,
81297.57627,485,45,7210,
81297.67604,485,45,7217,
81297.77608,484,45,7219,
81297.87608,486,45,7186,
81297.97611,486,45,7201,
81298.07606,485,45,7206,
81298.17606,486,45,7139,
81298.27617,486,45,7241,
81298.37604,485,45,7221,
81298.47606,485,45,7203,
81298.57616,485,45,7252,
81298.67852,486,45,7250,
81298.77628,485,45,7219,
81298.87611,485,45,7197,
81298.97613,485,45,7206,
81299.07607,485,46,7221,
81299.17624,485,47,7177,
81299.2762,485,48,7248,
81299.37627,485,49,7223,
81299.47622,485,50,7212,
81299.57608,485,51,7210,
81299.67614,485,52,7199,
81299.77635,485,53,7230,
81299.8762,485,54,7219,
81299.97613,485,55,7274,
81300.07635,485,55,7199,
81300.17627,485,55,7201,
81300.27629,485,55,7181,
81300.37619,485,55,7241,
81300.47622,485,55,7228,
81300.57617,486,55,7148,
81300.6761,485,55,7254,
81300.77611,485,55,7219,
81300.87613,485,54,7195,
81300.97616,485,54,7161,
81301.0761,485,54,7201,
81301.17609,485,53,7101,
81301.27611,485,53,7163,
81301.37612,485,53,7206,
81301.47615,485,52,7226,
81301.57614,486,52,7179,
81301.6764,485,52,7212,
81301.77604,485,51,7155,
81301.87607,485,51,7206,
81301.97634,486,51,7197,
81302.07617,485,50,7212,
81302.17611,485,50,7203,
81302.27605,485,50,7201,
81302.37607,485,49,7186,
81302.47605,485,49,7212,
81302.57606,485,49,7146,
81302.67603,485,48,7250,
81302.77609,485,48,7210,
81302.87615,485,48,7221,
81302.97625,485,47,7232,
81303.07615,485,47,7221,
81303.17619,485,47,7277,
81303.27613,484,46,7168,
81303.37617,485,46,7219,
81303.47617,485,46,7221,
81303.57622,485,45,7226,
81303.67616,485,45,7239,
81303.77633,485,45,7152,
81303.87623,485,45,7201,
81303.97621,485,45,7212,
81304.07618,485,45,7217,
81304.17617,485,45,7223,
81304.27611,485,45,7221,
81304.37615,485,45,7199,
81304.47624,485,45,7212,
81304.57613,486,45,7228,
81304.67607,485,45,7152,
81304.77615,485,45,7212,
81304.87618,485,45,7234,
81304.97616,485,45,7226,
81305.07646,485,45,7297,
81305.17618,485,45,7270,
81305.27633,486,45,7223,
81305.3761,485,45,7212,
81305.47609,485,45,7208,
81305.57616,485,45,7226,
81305.67609,485,45,7217,
81305.77615,485,45,7219,
81305.87616,485,45,7192,
81305.97613,485,45,7130,
81306.07605,485,45,7186,
81306.17636,485,45,7212,
81306.27614,486,45,7201,
81306.37602,486,45,7144,
81306.47605,485,45,7195,
81306.5761,485,45,7186,
81306.67614,485,45,7190,
81306.77613,485,45,7223,
81306.87617,485,45,7186,
81306.97606,485,45,7155,
81307.07613,485,45,7141,
81307.17609,485,45,7234,
81307.27618,485,45,7217,
81307.37616,485,45,7223,
81307.4762,485,45,7265,
81307.57636,485,45,7237,
81307.67619,485,45,7234,
81307.77615,485,45,7188,
81307.87611,485,45,7232,
81307.97616,486,45,7214,
81308.07613,484,45,7206,
81308.17619,485,45,7232,
81308.27626,485,45,7203,
81308.37612,485,45,7230,
81308.47613,485,45,7206,
81308.57614,485,45,7201,
81308.67621,485,45,7203,
81308.77624,485,45,7252,
81308.87622,485,45,7201,
81308.97628,485,45,7212,
81309.07627,485,45,7148,
81309.17612,486,45,7183,
81309.27617,485,45,7181,
81309.37614,485,45,7208,
81309.47615,485,45,7268,
81309.57624,486,45,7214,
81309.67636,485,45,7130,
81309.7761,485,45,7226,
81309.87617,485,45,7221,
81309.97605,485,45,7208,
81310.07615,485,45,7206,
81310.17606,485,45,7203,
81310.27606,485,45,7201,
81310.37615,486,45,7141,
81310.47613,485,45,7212,
81310.57613,484,45,7206,
81310.67614,485,45,7206,
81310.77617,485,45,7192,
81310.87612,485,45,7219,
81310.97606,485,45,7217,
81311.07613,485,45,7159,
81311.17615,485,45,7237,
81311.27601,485,45,7226,
81311.37608,486,45,7285,
81311.47618,485,45,7208,
81311.5764,485,45,7217,
81311.67641,485,45,7208,
81311.77639,485,45,7208,
81311.87629,485,45,7217,
81311.97612,485,45,7214,
81312.07612,485,45,7223,
81312.17616,485,45,7210,
81312.27614,485,45,7223,
81312.37616,485,45,7214,
81312.47616,485,45,7208,
81312.57615,485,45,7212,
81312.67624,485,45,7135,
81312.77647,485,45,7263,
81312.87614,486,45,7217,
81312.97614,485,45,7190,
81313.0761,485,45,7219,
81313.17617,485,45,7199,
81313.27616,485,45,7214,
81313.37611,485,45,7217,
81313.47618,485,45,7177,
81313.57613,485,45,7232,
81313.67648,485,45,7212,
81313.77607,485,45,7210,
81313.87625,485,45,7228,
81313.97632,485,45,7228,
81314.07619,485,45,7239,
81314.17616,485,45,7197,
81314.27612,485,45,7121,
81314.37617,485,45,7201,
81314.47608,485,45,7226,
81314.5762,485,45,7208,
81314.67619,485,45,7139,
81314.77606,485,45,7210,
81314.87611,485,45,7203,
81314.97615,485,45,7146,
81315.07605,485,45,7141,
81315.17607,485,45,7219,
81315.27606,485,45,7241,
81315.37606,485,45,7226,
81315.47621,486,45,7206,
81315.57645,485,45,7206,
81315.67616,485,45,7239,
81315.7763,485,45,7226,
81315.87615,485,45,7217,
81315.97617,485,45,7239,
81316.0764,485,45,7150,
81316.17667,485,45,7219,
81316.27613,485,45,7179,
81316.37619,485,45,7137,
81316.47611,485,45,7206,
81316.57616,485,45,7228,
81316.67613,485,45,7210,
81316.77615,485,45,7199,
81316.87622,486,45,7137,
81316.97619,485,45,7221,
81317.07615,485,45,7265,
81317.17627,485,45,7188,
81317.27627,486,45,7179,
81317.37641,485,45,7210,
81317.47623,485,45,7201,
81317.57618,485,45,7148,
81317.67613,486,45,7206,
81317.7761,485,45,7208,
81317.87611,485,45,7197,
81317.97614,486,45,7208,
81318.07633,485,45,7219,
81318.17613,485,45,7203,
81318.27605,485,45,7221,
81318.37609,485,45,7208,
81318.47614,485,45,7232,
81318.57615,486,45,7203,
81318.67601,485,45,7206,
81318.77602,485,45,7141,
81318.87604,485,45,7219,
81318.97604,485,45,7241,
81319.07619,485,45,7219,
81319.1761,485,45,7230,
81319.27624,486,45,7221,
81319.37614,485,45,7223,
81319.47625,486,45,7221,
81319.57617,485,45,7217,
81319.67614,485,45,7214,
81319.77608,485,45,7232,
81319.87611,485,45,7168,
81319.97611,485,45,7232,
81320.07617,485,45,7223,
81320.17615,485,45,7214,
81320.27646,485,45,7210,
81320.37625,485,45,7197,
81320.47617,485,45,7217,
81320.57617,485,45,7212,
81320.67623,485,45,7234,
81320.77628,486,45,7192,
81320.87624,485,45,7210,
81320.97639,485,45,7190,
81321.07628,485,45,7234,
81321.17622,485,45,7206,
81321.27629,485,45,7221,
81321.37623,485,45,7214,
81321.47614,485,45,7201,
81321.57615,485,45,7206,
81321.67611,485,45,7208,
81321.77631,485,45,7188,
81321.8762,485,45,7239,
81321.97619,485,45,7212,
81322.07617,485,45,7201,
81322.17608,485,45,7210,
81322.27609,485,45,7190,
81322.37616,485,45,7226,
81322.47637,485,45,7126,
81322.57612,485,45,7208,
81322.67638,485,45,7181,
81322.77605,485,45,7223,
81322.87606,485,45,7226,
81322.97604,485,45,7212,
81323.07606,485,45,7270,
81323.17645,485,45,7232,
81323.27613,485,45,7206,
81323.37609,485,45,7206,
81323.47606,485,45,7261,
81323.57607,485,45,7212,
81323.67631,486,45,7232,
81323.77624,485,45,7219,
81323.87615,485,45,7248,
81323.97614,485,45,7226,
81324.07605,485,45,7232,
81324.17613,485,45,7199,
81324.27612,485,45,7197,
81324.37613,485,45,7210,
81324.47634,485,45,7239,
81324.57642,485,45,7230,
81324.67617,485,45,7226,
81324.77611,485,45,7203,
81324.87618,485,45,7150,
81324.97609,485,45,7170,
81325.07627,485,45,7210,
81325.17618,486,45,7223,
81325.27613,485,45,7192,
81325.37616,485,45,7217,
81325.47986,485,45,7210,
81325.57691,485,45,7183,
81325.67612,485,45,7144,
81325.77619,485,45,7243,
81325.8762,485,45,7186,
81325.9761,485,45,7214,
81326.07613,485,45,7257,
81326.17616,485,45,7203,
81326.27624,486,45,7157,
81326.37616,485,45,7212,
81326.47617,485,45,7195,
81326.57615,485,45,7203,
81326.6762,485,45,7186,
81326.77612,486,45,7259,
81326.87609,485,45,7219,
81326.97608,485,45,7192,
81327.0761,485,45,7252,
81327.17616,486,45,7223,
81327.27603,485,45,7214,
81327.37604,486,45,7201,
81327.47611,485,45,7152,
81327.57602,485,45,7208,
81327.67606,486,45,7192,
81327.77622,485,45,7265,
81327.87626,486,45,7223,
81327.97627,485,45,7144,
81328.07609,485,45,7150,
81328.17614,486,45,7208,
81328.27629,486,45,7214,
81328.37613,485,45,7234,
81328.47622,485,45,7214,
81328.57623,485,45,7219,
81328.67614,485,45,7232,
81328.77625,486,45,7155,
81328.87612,486,45,7212,
81328.97624,485,45,7206,
81329.07624,485,45,7192,
81329.17611,485,45,7226,
81329.27615,485,45,7212,
81329.3761,485,45,7155,
81329.47618,485,45,7203,
81329.57611,485,45,7203,
81329.67624,485,45,7199,
81329.7763,486,45,7181,
81329.87612,485,45,7261,
81329.97626,486,45,7212,
81330.07618,485,45,7190,
81330.1762,485,45,7175,
81330.27634,485,45,7206,
81330.37617,485,45,7206,
81330.4762,485,45,7210,
81330.57622,485,45,7277,
81330.67639,485,45,7214,
81330.77608,486,45,7157,
81330.87613,485,45,7252,
81330.97615,485,45,7208,
81331.07615,485,45,7217,
81331.17624,485,45,7250,
81331.27611,485,45,7081,
81331.37609,485,45,7223,
81331.47605,485,45,7221,
81331.57606,485,45,7217,
81331.67613,485,45,7223,
81331.77628,485,45,7237,
81331.87606,485,45,7243,
81331.97621,485,45,7237,
81332.07611,486,45,7210,
81332.17611,485,45,7214,
81332.27614,485,45,7214,
81332.3761,485,45,7210,
81332.47615,485,45,7241,
81332.57621,485,45,7208,
81332.67629,485,45,7190,
81332.77623,485,45,7203,
81332.87622,485,45,7192,
81332.97622,485,45,7203,
81333.07625,485,45,7226,
81333.17615,485,45,7221,
81333.27615,485,45,7141,
81333.37618,485,45,7201,
81333.47614,485,45,7141,
81333.57615,486,45,7226,
81333.67616,485,45,7252,
81333.7763,485,45,7208,
81333.87617,485,45,7206,
81333.97618,485,45,7243,
81334.07614,485,45,7179,
81334.17618,485,45,7190,
81334.27617,485,45,7186,
